8582
5217
7072
4322
9145
5276
9527
5617
8276
8807
4069
9434
1038
3302
19
8726
708
8026
8789
2369
3724
5597
865
1066
1879
9120
4199
6133
9590
7115
7204
7803
4416
8516
5025
826
106
2859
6495
3187
221
996
9739
5848
2868
537
9377
2497
9621
3801
3079
6614
2733
6608
9222
8356
9611
999
3364
7983
5707
2951
1060
5832
105
65
5932
4211
8876
8672
3820
5755
1243
212
303
8173
6797
2494
9340
155
2862
4882
2550
4240
3392
8846
7103
4749
9428
4624
3353
3544
4771
7359
1978
9797
4737
9159
7738
6633
2443
5233
4855
3549
3619
6604
3389
1040
9608
3914
3745
9081
6689
1076
283
5136
3410
3475
3442
4382
1190
2368
3779
3493
745
470
1391
4008
4089
1187
4636
6156
9370
2140
139
349
7954
7833
5622
5788
2602
4253
7140
8365
3331
9853
263
594
7973
8576
5796
1242
4609
7759
3926
1817
4324
7188
8496
5024
3023
4124
8348
3718
6077
1458
3013
8171
9189
9498
6602
8538
4363
4716
7086
7260
8388
9190
5431
28
6962
3916
3305
8797
4724
1198
3947
7438
5773
3983
8583
9695
542
8080
3970
8690
987
4774
1779
1758
592
4752
4355
6244
1911
54
7422
5517
5892
6235
6744
5533
4489
261
748
8400
8769
4643
5847
7304
7297
8488
5089
2056
6249
1119
7606
9539
3120
7609
5338
2876
1170
5335
5140
3683
4404
7326
6072
1281
3708
6875
8955
6147
1883
9301
5421
8156
629
9572
7919
9750
3159
9118
7675
8466
9095
7927
9046
2538
5605
7162
1566
5301
9863
8047
1320
7396
8970
2907
5026
1496
3055
4880
6439
4321
2712
3647
1370
7752
6582
1362
4223
8716
920
4671
8509
4966
7192
3995
237
7573
4454
9873
2908
9116
2757
408
3891
5156
120
7427
1668
6701
8297
4222
7036
3720
5152
1877
5556
7408
4428
9971
4703
1550
9304
307
9136
2012
7979
1340
9483
5484
8243
9743
7653
8
6841
7608
4
4101
1855
2836
7876
4185
184
4345
7886
1678
5878
6547
126
8482
4753
709
7577
2576
8384
1105
7583
8338
6228
302
9243
3225
3054
4088
9178
2790
3730
1725
1108
2646
101
9119
2271
1707
1476
9661
725
9974
1603
2287
8845
2848
3693
7510
7916
4045
2521
9215
972
9980
6782
8429
6992
2399
1697
1453
9444
9431
511
3352
4803
3393
2348
8669
1283
3102
9181
1304
1874
7415
5177
1396
694
8256
4873
3787
6902
9088
4584
952
885
8139
2041
5709
7341
2143
8072
3850
497
5363
8698
7157
7381
6362
6497
9263
1380
3741
7966
6657
8510
7012
3864
8704
5202
4056
4797
6490
2526
1839
6180
5612
4520
8270
9519
7780
1699
5980
6303
6898
5941
2431
6714
6175
1714
7875
4979
3201
4463
1864
5020
6584
3366
7840
1654
3078
4280
7857
8199
3409
4613
9991
814
9341
8118
8449
5746
2796
3470
1090
6169
5542
9422
8863
9591
500
2800
2716
7489
5134
9820
1972
6176
50
1574
6352
